1.0 0.944 0.945606694561 0.937238493724 0.974576271186 0.214285714286 0.214285714286 0.214285714286 0.937238493724 0.918699186992 0.966101694915 0.899598393574 0.952 0.899598393574 0.970464135021 0.970464135021 0.915662650602 0.915662650602 0.953974895397 0.96 0.944 0.952 0.214285714286 0.91935483871 0.974576271186 0.95358649789 0.957983193277 0.974576271186 0.214285714286 0.949579831933 0.991666666667 0.95358649789 0.923076923077 0.962025316456 0.96 0.214285714286 0.214285714286 0.966101694915 0.937238493724 0.214285714286 0.906882591093 0.934959349593 0.907630522088 0.214285714286 0.903225806452 0.945147679325 0.96 0.214285714286 0.941176470588 0.95358649789 0.945147679325 0.926829268293 0.214285714286 0.945606694561 0.983333333333 0.962025316456 0.91935483871 1.0 0.931174089069 0.952 0.923076923077 0.95358649789 0.926829268293 0.941176470588 0.934959349593 0.214285714286 0.945147679325 0.95358649789 0.96 0.926829268293 0.214285714286 0.952 0.906882591093 0.945147679325 0.911290322581 0.944 0.95358649789 0.945606694561 0.945147679325 0.934959349593 0.903225806452 0.934959349593 0.941176470588 0.907630522088 0.944 0.931174089069 0.952 0.899598393574 0.214285714286 0.898785425101 0.95358649789 0.914979757085 0.214285714286 0.957627118644 0.907630522088 1.0 0.915662650602 0.941176470588 0.214285714286 0.944 0.214285714286 0.214285714286 0.214285714286 0.906882591093 0.214285714286 0.214285714286 0.214285714286 0.923076923077 0.911290322581 0.90612244898 0.949579831933 0.214285714286 0.951612903226 0.214285714286 0.694835680751 0.214285714286 0.214285714286 0.930612244898 0.214285714286 0.945606694561 0.949579831933 0.910569105691 0.694835680751 0.923076923077 0.918699186992 0.214285714286 0.214285714286 0.694835680751 0.694835680751 0.214285714286 0.214285714286 0.951612903226 0.214285714286 0.911290322581 0.214285714286 0.694835680751 0.214285714286 0.214285714286 0.945147679325 0.907630522088 0.214285714286 0.214285714286 0.214285714286 0.214285714286 0.694835680751 0.704225352113 0.914979757085 0.934426229508 0.214285714286 0.694835680751 0.214285714286 0.214285714286 0.214285714286 0.214285714286 0.923076923077 0.214285714286 0.214285714286 0.214285714286 0.934426229508 0.694835680751 0.214285714286 0.214285714286 0.694835680751 0.922448979592 0.694835680751 0.934426229508 0.214285714286 0.694835680751 0.694835680751 0.952 0.930612244898 0.214285714286 0.923076923077 0.991666666667 0.914285714286 0.911290322581 0.918699186992 0.930612244898 0.214285714286 0.966101694915 0.694835680751 0.959677419355 0.914285714286 0.214285714286 0.914979757085 0.930612244898 0.914285714286 0.694835680751 0.918699186992 0.214285714286 0.914979757085 0.694835680751 0.110294117647 0.694835680751 0.934426229508 0.704225352113 0.918699186992 0.214285714286 0.962025316456 0.214285714286 
0.944 1.0 0.899598393574 0.915662650602 0.918699186992 0.218106995885 0.218106995885 0.218106995885 0.915662650602 0.9765625 0.918699186992 0.957528957529 0.984615384615 0.957528957529 0.914979757085 0.914979757085 0.942084942085 0.942084942085 0.899598393574 0.984615384615 1.0 0.984615384615 0.218106995885 0.945736434109 0.918699186992 0.931174089069 0.903225806452 0.918699186992 0.218106995885 0.903225806452 0.944 0.931174089069 0.95719844358 0.914979757085 0.984615384615 0.218106995885 0.218106995885 0.918699186992 0.915662650602 0.218106995885 0.941634241245 0.9609375 0.942084942085 0.218106995885 0.961240310078 0.898785425101 0.984615384615 0.218106995885 0.91935483871 0.898785425101 0.898785425101 0.9609375 0.218106995885 0.899598393574 0.96 0.914979757085 0.945736434109 0.944 0.95719844358 0.984615384615 0.95719844358 0.898785425101 0.9609375 0.91935483871 0.9609375 0.218106995885 0.898785425101 0.898785425101 0.984615384615 0.9609375 0.218106995885 0.984615384615 0.941634241245 0.898785425101 0.945736434109 1.0 0.931174089069 0.899598393574 0.898785425101 0.9609375 0.961240310078 0.9609375 0.91935483871 0.942084942085 1.0 0.95719844358 0.984615384615 0.957528957529 0.218106995885 0.95719844358 0.931174089069 0.941634241245 0.218106995885 0.934959349593 0.942084942085 0.944 0.942084942085 0.91935483871 0.218106995885 1.0 0.218106995885 0.218106995885 0.218106995885 0.941634241245 0.218106995885 0.218106995885 0.218106995885 0.887159533074 0.945736434109 0.901960784314 0.903225806452 0.218106995885 0.945736434109 0.218106995885 0.663677130045 0.218106995885 0.218106995885 0.901960784314 0.218106995885 0.899598393574 0.903225806452 0.90625 0.663677130045 0.95719844358 0.890625 0.218106995885 0.218106995885 0.681614349776 0.663677130045 0.218106995885 0.218106995885 0.953488372093 0.218106995885 0.945736434109 0.218106995885 0.663677130045 0.218106995885 0.218106995885 0.898785425101 0.942084942085 0.218106995885 0.218106995885 0.218106995885 0.218106995885 0.699551569507 0.67264573991 0.887159533074 0.905511811024 0.218106995885 0.699551569507 0.218106995885 0.218106995885 0.218106995885 0.218106995885 0.887159533074 0.218106995885 0.218106995885 0.218106995885 0.905511811024 0.663677130045 0.218106995885 0.218106995885 0.681614349776 0.917647058824 0.663677130045 0.905511811024 0.218106995885 0.663677130045 0.663677130045 0.984615384615 0.901960784314 0.218106995885 0.887159533074 0.944 0.886274509804 0.945736434109 0.890625 0.901960784314 0.218106995885 0.918699186992 0.663677130045 0.93023255814 0.886274509804 0.218106995885 0.887159533074 0.901960784314 0.886274509804 0.663677130045 0.890625 0.218106995885 0.887159533074 0.663677130045 0.0992907801418 0.663677130045 0.905511811024 0.67264573991 0.8984375 0.218106995885 0.914979757085 0.218106995885 
0.945606694561 0.899598393574 1.0 0.983193277311 0.96170212766 0.0926315789474 0.0926315789474 0.0926315789474 0.983193277311 0.914285714286 0.970212765957 0.943548387097 0.915662650602 0.943548387097 0.957627118644 0.957627118644 0.951612903226 0.951612903226 0.991596638655 0.907630522088 0.899598393574 0.915662650602 0.0926315789474 0.914979757085 0.96170212766 0.949152542373 0.95358649789 0.96170212766 0.0926315789474 0.962025316456 0.953974895397 0.949152542373 0.926829268293 0.966101694915 0.907630522088 0.0926315789474 0.0926315789474 0.970212765957 0.983193277311 0.0926315789474 0.926829268293 0.922448979592 0.959677419355 0.0926315789474 0.906882591093 0.966101694915 0.907630522088 0.0926315789474 0.945147679325 0.957627118644 0.966101694915 0.930612244898 0.0926315789474 1.0 0.937238493724 0.966101694915 0.914979757085 0.945606694561 0.918699186992 0.915662650602 0.926829268293 0.957627118644 0.930612244898 0.945147679325 0.922448979592 0.0926315789474 0.966101694915 0.957627118644 0.907630522088 0.930612244898 0.0926315789474 0.915662650602 0.926829268293 0.966101694915 0.923076923077 0.899598393574 0.949152542373 1.0 0.966101694915 0.922448979592 0.906882591093 0.922448979592 0.945147679325 0.959677419355 0.899598393574 0.918699186992 0.915662650602 0.943548387097 0.0926315789474 0.910569105691 0.949152542373 0.918699186992 0.0926315789474 0.953191489362 0.959677419355 0.945606694561 0.951612903226 0.945147679325 0.0926315789474 0.899598393574 0.0926315789474 0.0926315789474 0.0926315789474 0.926829268293 0.0926315789474 0.0926315789474 0.0926315789474 0.959349593496 0.923076923077 0.918032786885 0.962025316456 0.0926315789474 0.906882591093 0.0926315789474 0.698113207547 0.0926315789474 0.0926315789474 0.934426229508 0.0926315789474 1.0 0.962025316456 0.914285714286 0.698113207547 0.926829268293 0.930612244898 0.0926315789474 0.0926315789474 0.698113207547 0.698113207547 0.0926315789474 0.0926315789474 0.906882591093 0.0926315789474 0.923076923077 0.0926315789474 0.698113207547 0.0926315789474 0.0926315789474 0.966101694915 0.959677419355 0.0926315789474 0.0926315789474 0.0926315789474 0.0926315789474 0.698113207547 0.707547169811 0.967479674797 0.938271604938 0.0926315789474 0.698113207547 0.0926315789474 0.0926315789474 0.0926315789474 0.0926315789474 0.959349593496 0.0926315789474 0.0926315789474 0.0926315789474 0.938271604938 0.698113207547 0.0926315789474 0.0926315789474 0.698113207547 0.918032786885 0.698113207547 0.938271604938 0.0926315789474 0.698113207547 0.698113207547 0.915662650602 0.934426229508 0.0926315789474 0.959349593496 0.953974895397 0.934426229508 0.923076923077 0.930612244898 0.934426229508 0.0926315789474 0.970212765957 0.698113207547 0.923076923077 0.934426229508 0.0926315789474 0.967479674797 0.934426229508 0.934426229508 0.698113207547 0.930612244898 0.0926315789474 0.967479674797 0.698113207547 0.118081180812 0.698113207547 0.938271604938 0.707547169811 0.930612244898 0.0926315789474 0.966101694915 0.0926315789474 
0.937238493724 0.915662650602 0.983193277311 1.0 0.953191489362 0.214736842105 0.214736842105 0.214736842105 1.0 0.930612244898 0.953191489362 0.959677419355 0.899598393574 0.959677419355 0.949152542373 0.949152542373 0.943548387097 0.943548387097 0.983193277311 0.899598393574 0.915662650602 0.899598393574 0.214736842105 0.906882591093 0.953191489362 0.966101694915 0.945147679325 0.953191489362 0.214736842105 0.945147679325 0.937238493724 0.966101694915 0.910569105691 0.949152542373 0.899598393574 0.214736842105 0.214736842105 0.953191489362 1.0 0.214736842105 0.910569105691 0.914285714286 0.943548387097 0.214736842105 0.923076923077 0.949152542373 0.899598393574 0.214736842105 0.962025316456 0.949152542373 0.949152542373 0.914285714286 0.214736842105 0.983193277311 0.953974895397 0.949152542373 0.906882591093 0.937238493724 0.910569105691 0.899598393574 0.910569105691 0.949152542373 0.914285714286 0.962025316456 0.914285714286 0.214736842105 0.949152542373 0.949152542373 0.899598393574 0.914285714286 0.214736842105 0.899598393574 0.910569105691 0.949152542373 0.906882591093 0.915662650602 0.966101694915 0.983193277311 0.949152542373 0.914285714286 0.923076923077 0.914285714286 0.962025316456 0.943548387097 0.915662650602 0.910569105691 0.899598393574 0.959677419355 0.214736842105 0.926829268293 0.966101694915 0.910569105691 0.214736842105 0.970212765957 0.943548387097 0.937238493724 0.943548387097 0.962025316456 0.214736842105 0.915662650602 0.214736842105 0.214736842105 0.214736842105 0.910569105691 0.214736842105 0.214736842105 0.214736842105 0.951219512195 0.906882591093 0.934426229508 0.945147679325 0.214736842105 0.923076923077 0.214736842105 0.698113207547 0.214736842105 0.214736842105 0.918032786885 0.214736842105 0.983193277311 0.945147679325 0.930612244898 0.698113207547 0.910569105691 0.914285714286 0.214736842105 0.214736842105 0.698113207547 0.698113207547 0.214736842105 0.214736842105 0.923076923077 0.214736842105 0.906882591093 0.214736842105 0.698113207547 0.214736842105 0.214736842105 0.949152542373 0.943548387097 0.214736842105 0.214736842105 0.214736842105 0.214736842105 0.698113207547 0.707547169811 0.951219512195 0.921810699588 0.214736842105 0.698113207547 0.214736842105 0.214736842105 0.214736842105 0.214736842105 0.951219512195 0.214736842105 0.214736842105 0.214736842105 0.921810699588 0.698113207547 0.214736842105 0.214736842105 0.698113207547 0.934426229508 0.698113207547 0.921810699588 0.214736842105 0.698113207547 0.698113207547 0.899598393574 0.918032786885 0.214736842105 0.951219512195 0.937238493724 0.918032786885 0.906882591093 0.914285714286 0.918032786885 0.214736842105 0.953191489362 0.698113207547 0.906882591093 0.918032786885 0.214736842105 0.951219512195 0.918032786885 0.918032786885 0.698113207547 0.914285714286 0.214736842105 0.951219512195 0.698113207547 0.10332103321 0.698113207547 0.921810699588 0.707547169811 0.914285714286 0.214736842105 0.949152542373 0.214736842105 
0.974576271186 0.918699186992 0.96170212766 0.953191489362 1.0 0.216101694915 0.216101694915 0.216101694915 0.953191489362 0.942148760331 0.991379310345 0.914285714286 0.926829268293 0.914285714286 0.987124463519 0.987124463519 0.930612244898 0.930612244898 0.970212765957 0.934959349593 0.918699186992 0.926829268293 0.216101694915 0.934426229508 1.0 0.969957081545 0.974358974359 1.0 0.216101694915 0.965811965812 0.966101694915 0.969957081545 0.938271604938 0.978540772532 0.934959349593 0.216101694915 0.216101694915 0.991379310345 0.953191489362 0.216101694915 0.921810699588 0.95867768595 0.922448979592 0.216101694915 0.918032786885 0.961373390558 0.934959349593 0.216101694915 0.957264957265 0.969957081545 0.961373390558 0.95041322314 0.216101694915 0.96170212766 0.957627118644 0.978540772532 0.934426229508 0.974576271186 0.946502057613 0.926829268293 0.938271604938 0.969957081545 0.95041322314 0.957264957265 0.95867768595 0.216101694915 0.961373390558 0.969957081545 0.934959349593 0.95041322314 0.216101694915 0.926829268293 0.921810699588 0.961373390558 0.926229508197 0.918699186992 0.969957081545 0.96170212766 0.961373390558 0.95867768595 0.918032786885 0.95867768595 0.957264957265 0.922448979592 0.918699186992 0.946502057613 0.926829268293 0.914285714286 0.216101694915 0.913580246914 0.969957081545 0.930041152263 0.216101694915 0.98275862069 0.922448979592 0.974576271186 0.930612244898 0.957264957265 0.216101694915 0.918699186992 0.216101694915 0.216101694915 0.216101694915 0.921810699588 0.216101694915 0.216101694915 0.216101694915 0.938271604938 0.926229508197 0.921161825726 0.965811965812 0.216101694915 0.926229508197 0.216101694915 0.708133971292 0.216101694915 0.216101694915 0.946058091286 0.216101694915 0.96170212766 0.965811965812 0.925619834711 0.708133971292 0.938271604938 0.933884297521 0.216101694915 0.216101694915 0.708133971292 0.708133971292 0.216101694915 0.216101694915 0.926229508197 0.216101694915 0.926229508197 0.216101694915 0.708133971292 0.216101694915 0.216101694915 0.961373390558 0.922448979592 0.216101694915 0.216101694915 0.216101694915 0.216101694915 0.708133971292 0.717703349282 0.930041152263 0.958333333333 0.216101694915 0.708133971292 0.216101694915 0.216101694915 0.216101694915 0.216101694915 0.938271604938 0.216101694915 0.216101694915 0.216101694915 0.958333333333 0.708133971292 0.216101694915 0.216101694915 0.708133971292 0.9377593361 0.708133971292 0.958333333333 0.216101694915 0.708133971292 0.708133971292 0.926829268293 0.946058091286 0.216101694915 0.938271604938 0.966101694915 0.929460580913 0.926229508197 0.933884297521 0.946058091286 0.216101694915 0.991379310345 0.708133971292 0.934426229508 0.929460580913 0.216101694915 0.930041152263 0.946058091286 0.929460580913 0.708133971292 0.933884297521 0.216101694915 0.930041152263 0.708133971292 0.111940298507 0.708133971292 0.958333333333 0.717703349282 0.933884297521 0.216101694915 0.978540772532 0.216101694915 
0.214285714286 0.218106995885 0.0926315789474 0.214736842105 0.216101694915 1.0 1.0 1.0 0.218947368421 0.215767634855 0.14406779661 0.214432989691 0.139917695473 0.214432989691 0.219873150106 0.219873150106 0.214432989691 0.214432989691 0.218947368421 0.213991769547 0.213991769547 0.139917695473 1.0 0.214876033058 0.220338983051 0.219873150106 0.2194092827 0.220338983051 1.0 0.143459915612 0.142857142857 0.219873150106 0.140786749482 0.143763213531 0.213991769547 1.0 1.0 0.14406779661 0.218947368421 1.0 0.140786749482 0.215767634855 0.140206185567 1.0 0.214876033058 0.143763213531 0.213991769547 1.0 0.2194092827 0.219873150106 0.143763213531 0.141078838174 1.0 0.143157894737 0.218487394958 0.143763213531 0.214876033058 0.218487394958 0.215320910973 0.139917695473 0.140786749482 0.219873150106 0.141078838174 0.2194092827 0.215767634855 1.0 0.143763213531 0.219873150106 0.213991769547 0.141078838174 1.0 0.139917695473 0.140786749482 0.143763213531 0.140495867769 0.213991769547 0.219873150106 0.143157894737 0.143763213531 0.215767634855 0.214876033058 0.215767634855 0.2194092827 0.140206185567 0.213991769547 0.215320910973 0.139917695473 0.214432989691 1.0 0.215320910973 0.219873150106 0.215320910973 1.0 0.220338983051 0.140206185567 0.218487394958 0.214432989691 0.2194092827 1.0 0.213991769547 1.0 1.0 1.0 0.140786749482 1.0 1.0 1.0 0.215320910973 0.140495867769 0.216216216216 0.143459915612 1.0 0.214876033058 1.0 0.227171492205 1.0 1.0 0.141372141372 1.0 0.143157894737 0.143459915612 0.215767634855 0.227171492205 0.140786749482 0.141078838174 1.0 1.0 0.227171492205 0.227171492205 1.0 1.0 0.214876033058 1.0 0.140495867769 1.0 0.227171492205 1.0 1.0 0.143763213531 0.140206185567 1.0 1.0 1.0 1.0 0.227171492205 0.227171492205 0.140786749482 0.141666666667 1.0 0.227171492205 1.0 1.0 1.0 1.0 0.215320910973 1.0 1.0 1.0 0.141666666667 0.227171492205 1.0 1.0 0.227171492205 0.216216216216 0.227171492205 0.141666666667 1.0 0.227171492205 0.227171492205 0.139917695473 0.141372141372 1.0 0.215320910973 0.142857142857 0.141372141372 0.140495867769 0.141078838174 0.141372141372 1.0 0.14406779661 0.227171492205 0.140495867769 0.141372141372 1.0 0.140786749482 0.141372141372 0.141372141372 0.227171492205 0.141078838174 1.0 0.140786749482 0.227171492205 0.318897637795 0.227171492205 0.141666666667 0.227171492205 0.141078838174 1.0 0.143763213531 1.0 
0.214285714286 0.218106995885 0.0926315789474 0.214736842105 0.216101694915 1.0 1.0 1.0 0.218947368421 0.215767634855 0.14406779661 0.214432989691 0.139917695473 0.214432989691 0.219873150106 0.219873150106 0.214432989691 0.214432989691 0.218947368421 0.213991769547 0.213991769547 0.139917695473 1.0 0.214876033058 0.220338983051 0.219873150106 0.2194092827 0.220338983051 1.0 0.143459915612 0.142857142857 0.219873150106 0.140786749482 0.143763213531 0.213991769547 1.0 1.0 0.14406779661 0.218947368421 1.0 0.140786749482 0.215767634855 0.140206185567 1.0 0.214876033058 0.143763213531 0.213991769547 1.0 0.2194092827 0.219873150106 0.143763213531 0.141078838174 1.0 0.143157894737 0.218487394958 0.143763213531 0.214876033058 0.218487394958 0.215320910973 0.139917695473 0.140786749482 0.219873150106 0.141078838174 0.2194092827 0.215767634855 1.0 0.143763213531 0.219873150106 0.213991769547 0.141078838174 1.0 0.139917695473 0.140786749482 0.143763213531 0.140495867769 0.213991769547 0.219873150106 0.143157894737 0.143763213531 0.215767634855 0.214876033058 0.215767634855 0.2194092827 0.140206185567 0.213991769547 0.215320910973 0.139917695473 0.214432989691 1.0 0.215320910973 0.219873150106 0.215320910973 1.0 0.220338983051 0.140206185567 0.218487394958 0.214432989691 0.2194092827 1.0 0.213991769547 1.0 1.0 1.0 0.140786749482 1.0 1.0 1.0 0.215320910973 0.140495867769 0.216216216216 0.143459915612 1.0 0.214876033058 1.0 0.227171492205 1.0 1.0 0.141372141372 1.0 0.143157894737 0.143459915612 0.215767634855 0.227171492205 0.140786749482 0.141078838174 1.0 1.0 0.227171492205 0.227171492205 1.0 1.0 0.214876033058 1.0 0.140495867769 1.0 0.227171492205 1.0 1.0 0.143763213531 0.140206185567 1.0 1.0 1.0 1.0 0.227171492205 0.227171492205 0.140786749482 0.141666666667 1.0 0.227171492205 1.0 1.0 1.0 1.0 0.215320910973 1.0 1.0 1.0 0.141666666667 0.227171492205 1.0 1.0 0.227171492205 0.216216216216 0.227171492205 0.141666666667 1.0 0.227171492205 0.227171492205 0.139917695473 0.141372141372 1.0 0.215320910973 0.142857142857 0.141372141372 0.140495867769 0.141078838174 0.141372141372 1.0 0.14406779661 0.227171492205 0.140495867769 0.141372141372 1.0 0.140786749482 0.141372141372 0.141372141372 0.227171492205 0.141078838174 1.0 0.140786749482 0.227171492205 0.318897637795 0.227171492205 0.141666666667 0.227171492205 0.141078838174 1.0 0.143763213531 1.0 
0.214285714286 0.218106995885 0.0926315789474 0.214736842105 0.216101694915 1.0 1.0 1.0 0.218947368421 0.215767634855 0.14406779661 0.214432989691 0.139917695473 0.214432989691 0.219873150106 0.219873150106 0.214432989691 0.214432989691 0.218947368421 0.213991769547 0.213991769547 0.139917695473 1.0 0.214876033058 0.220338983051 0.219873150106 0.2194092827 0.220338983051 1.0 0.143459915612 0.142857142857 0.219873150106 0.140786749482 0.143763213531 0.213991769547 1.0 1.0 0.14406779661 0.218947368421 1.0 0.140786749482 0.215767634855 0.140206185567 1.0 0.214876033058 0.143763213531 0.213991769547 1.0 0.2194092827 0.219873150106 0.143763213531 0.141078838174 1.0 0.143157894737 0.218487394958 0.143763213531 0.214876033058 0.218487394958 0.215320910973 0.139917695473 0.140786749482 0.219873150106 0.141078838174 0.2194092827 0.215767634855 1.0 0.143763213531 0.219873150106 0.213991769547 0.141078838174 1.0 0.139917695473 0.140786749482 0.143763213531 0.140495867769 0.213991769547 0.219873150106 0.143157894737 0.143763213531 0.215767634855 0.214876033058 0.215767634855 0.2194092827 0.140206185567 0.213991769547 0.215320910973 0.139917695473 0.214432989691 1.0 0.215320910973 0.219873150106 0.215320910973 1.0 0.220338983051 0.140206185567 0.218487394958 0.214432989691 0.2194092827 1.0 0.213991769547 1.0 1.0 1.0 0.140786749482 1.0 1.0 1.0 0.215320910973 0.140495867769 0.216216216216 0.143459915612 1.0 0.214876033058 1.0 0.227171492205 1.0 1.0 0.141372141372 1.0 0.143157894737 0.143459915612 0.215767634855 0.227171492205 0.140786749482 0.141078838174 1.0 1.0 0.227171492205 0.227171492205 1.0 1.0 0.214876033058 1.0 0.140495867769 1.0 0.227171492205 1.0 1.0 0.143763213531 0.140206185567 1.0 1.0 1.0 1.0 0.227171492205 0.227171492205 0.140786749482 0.141666666667 1.0 0.227171492205 1.0 1.0 1.0 1.0 0.215320910973 1.0 1.0 1.0 0.141666666667 0.227171492205 1.0 1.0 0.227171492205 0.216216216216 0.227171492205 0.141666666667 1.0 0.227171492205 0.227171492205 0.139917695473 0.141372141372 1.0 0.215320910973 0.142857142857 0.141372141372 0.140495867769 0.141078838174 0.141372141372 1.0 0.14406779661 0.227171492205 0.140495867769 0.141372141372 1.0 0.140786749482 0.141372141372 0.141372141372 0.227171492205 0.141078838174 1.0 0.140786749482 0.227171492205 0.318897637795 0.227171492205 0.141666666667 0.227171492205 0.141078838174 1.0 0.143763213531 1.0 
0.937238493724 0.915662650602 0.983193277311 1.0 0.953191489362 0.218947368421 0.218947368421 0.218947368421 1.0 0.930612244898 0.953191489362 0.959677419355 0.899598393574 0.959677419355 0.949152542373 0.949152542373 0.943548387097 0.943548387097 0.983193277311 0.899598393574 0.915662650602 0.899598393574 0.214736842105 0.906882591093 0.953191489362 0.966101694915 0.945147679325 0.953191489362 0.214736842105 0.945147679325 0.937238493724 0.966101694915 0.910569105691 0.949152542373 0.899598393574 0.214736842105 0.214736842105 0.953191489362 1.0 0.214736842105 0.910569105691 0.914285714286 0.943548387097 0.214736842105 0.923076923077 0.949152542373 0.899598393574 0.214736842105 0.962025316456 0.949152542373 0.949152542373 0.914285714286 0.214736842105 0.983193277311 0.953974895397 0.949152542373 0.906882591093 0.937238493724 0.910569105691 0.899598393574 0.910569105691 0.949152542373 0.914285714286 0.962025316456 0.914285714286 0.214736842105 0.949152542373 0.949152542373 0.899598393574 0.914285714286 0.214736842105 0.899598393574 0.910569105691 0.949152542373 0.906882591093 0.915662650602 0.966101694915 0.983193277311 0.949152542373 0.914285714286 0.923076923077 0.914285714286 0.962025316456 0.943548387097 0.915662650602 0.910569105691 0.899598393574 0.959677419355 0.214736842105 0.926829268293 0.966101694915 0.910569105691 0.214736842105 0.970212765957 0.943548387097 0.937238493724 0.943548387097 0.962025316456 0.214736842105 0.915662650602 0.214736842105 0.214736842105 0.214736842105 0.910569105691 0.214736842105 0.214736842105 0.214736842105 0.951219512195 0.906882591093 0.934426229508 0.945147679325 0.214736842105 0.923076923077 0.214736842105 0.698113207547 0.214736842105 0.214736842105 0.918032786885 0.214736842105 0.983193277311 0.945147679325 0.930612244898 0.698113207547 0.910569105691 0.914285714286 0.214736842105 0.214736842105 0.698113207547 0.698113207547 0.214736842105 0.214736842105 0.923076923077 0.214736842105 0.906882591093 0.214736842105 0.698113207547 0.214736842105 0.214736842105 0.949152542373 0.943548387097 0.214736842105 0.214736842105 0.214736842105 0.214736842105 0.698113207547 0.707547169811 0.951219512195 0.921810699588 0.214736842105 0.698113207547 0.214736842105 0.214736842105 0.214736842105 0.214736842105 0.951219512195 0.214736842105 0.214736842105 0.214736842105 0.921810699588 0.698113207547 0.214736842105 0.214736842105 0.698113207547 0.934426229508 0.698113207547 0.921810699588 0.214736842105 0.698113207547 0.698113207547 0.899598393574 0.918032786885 0.214736842105 0.951219512195 0.937238493724 0.918032786885 0.906882591093 0.914285714286 0.918032786885 0.214736842105 0.953191489362 0.698113207547 0.906882591093 0.918032786885 0.214736842105 0.951219512195 0.918032786885 0.918032786885 0.698113207547 0.914285714286 0.214736842105 0.951219512195 0.698113207547 0.10332103321 0.698113207547 0.921810699588 0.707547169811 0.914285714286 0.214736842105 0.949152542373 0.214736842105 
0.918699186992 0.9765625 0.914285714286 0.930612244898 0.942148760331 0.215767634855 0.215767634855 0.215767634855 0.930612244898 1.0 0.942148760331 0.972549019608 0.9609375 0.972549019608 0.930041152263 0.930041152263 0.956862745098 0.956862745098 0.914285714286 0.9609375 0.9765625 0.9609375 0.219917012448 0.96062992126 0.942148760331 0.946502057613 0.918032786885 0.942148760331 0.219917012448 0.918032786885 0.918699186992 0.946502057613 0.97233201581 0.930041152263 0.9609375 0.219917012448 0.219917012448 0.942148760331 0.930612244898 0.219917012448 0.95652173913 0.984126984127 0.956862745098 0.219917012448 0.976377952756 0.913580246914 0.9609375 0.219917012448 0.934426229508 0.913580246914 0.913580246914 0.984126984127 0.219917012448 0.914285714286 0.934959349593 0.930041152263 0.96062992126 0.918699186992 0.97233201581 0.9609375 0.97233201581 0.913580246914 0.984126984127 0.934426229508 0.984126984127 0.219917012448 0.913580246914 0.913580246914 0.9609375 0.984126984127 0.219917012448 0.9609375 0.95652173913 0.913580246914 0.96062992126 0.9765625 0.946502057613 0.914285714286 0.913580246914 0.984126984127 0.976377952756 0.984126984127 0.934426229508 0.956862745098 0.9765625 0.97233201581 0.9609375 0.972549019608 0.219917012448 0.97233201581 0.946502057613 0.95652173913 0.219917012448 0.95867768595 0.956862745098 0.918699186992 0.956862745098 0.934426229508 0.219917012448 0.9765625 0.219917012448 0.219917012448 0.219917012448 0.95652173913 0.219917012448 0.219917012448 0.219917012448 0.901185770751 0.96062992126 0.916334661355 0.918032786885 0.219917012448 0.92125984252 0.219917012448 0.675799086758 0.219917012448 0.219917012448 0.916334661355 0.219917012448 0.914285714286 0.918032786885 0.920634920635 0.675799086758 0.97233201581 0.904761904762 0.219917012448 0.219917012448 0.694063926941 0.675799086758 0.219917012448 0.219917012448 0.929133858268 0.219917012448 0.96062992126 0.219917012448 0.675799086758 0.219917012448 0.219917012448 0.913580246914 0.956862745098 0.219917012448 0.219917012448 0.219917012448 0.219917012448 0.712328767123 0.684931506849 0.901185770751 0.928 0.219917012448 0.712328767123 0.219917012448 0.219917012448 0.219917012448 0.219917012448 0.901185770751 0.219917012448 0.219917012448 0.219917012448 0.928 0.675799086758 0.219917012448 0.219917012448 0.694063926941 0.932270916335 0.675799086758 0.928 0.219917012448 0.675799086758 0.675799086758 0.9609375 0.916334661355 0.219917012448 0.901185770751 0.918699186992 0.900398406375 0.96062992126 0.904761904762 0.916334661355 0.219917012448 0.942148760331 0.675799086758 0.905511811024 0.900398406375 0.219917012448 0.901185770751 0.916334661355 0.900398406375 0.675799086758 0.904761904762 0.219917012448 0.901185770751 0.675799086758 0.10071942446 0.675799086758 0.928 0.684931506849 0.912698412698 0.219917012448 0.930041152263 0.219917012448 
0.966101694915 0.918699186992 0.970212765957 0.953191489362 0.991379310345 0.14406779661 0.14406779661 0.14406779661 0.953191489362 0.942148760331 1.0 0.914285714286 0.934959349593 0.914285714286 0.978540772532 0.978540772532 0.922448979592 0.922448979592 0.96170212766 0.926829268293 0.918699186992 0.934959349593 0.0932203389831 0.926229508197 0.991379310345 0.969957081545 0.965811965812 0.991379310345 0.0932203389831 0.974358974359 0.974576271186 0.969957081545 0.946502057613 0.987124463519 0.926829268293 0.0932203389831 0.0932203389831 1.0 0.953191489362 0.0932203389831 0.930041152263 0.95041322314 0.930612244898 0.0932203389831 0.918032786885 0.969957081545 0.926829268293 0.0932203389831 0.957264957265 0.961373390558 0.969957081545 0.95867768595 0.0932203389831 0.970212765957 0.957627118644 0.987124463519 0.926229508197 0.966101694915 0.938271604938 0.934959349593 0.946502057613 0.961373390558 0.95867768595 0.957264957265 0.95041322314 0.0932203389831 0.969957081545 0.961373390558 0.926829268293 0.95867768595 0.0932203389831 0.934959349593 0.930041152263 0.969957081545 0.934426229508 0.918699186992 0.969957081545 0.970212765957 0.969957081545 0.95041322314 0.918032786885 0.95041322314 0.957264957265 0.930612244898 0.918699186992 0.938271604938 0.934959349593 0.914285714286 0.0932203389831 0.913580246914 0.969957081545 0.921810699588 0.0932203389831 0.98275862069 0.930612244898 0.966101694915 0.922448979592 0.957264957265 0.0932203389831 0.918699186992 0.0932203389831 0.0932203389831 0.0932203389831 0.930041152263 0.0932203389831 0.0932203389831 0.0932203389831 0.930041152263 0.934426229508 0.921161825726 0.974358974359 0.0932203389831 0.926229508197 0.0932203389831 0.708133971292 0.0932203389831 0.0932203389831 0.954356846473 0.0932203389831 0.970212765957 0.974358974359 0.925619834711 0.708133971292 0.946502057613 0.942148760331 0.0932203389831 0.0932203389831 0.708133971292 0.708133971292 0.0932203389831 0.0932203389831 0.926229508197 0.0932203389831 0.934426229508 0.0932203389831 0.708133971292 0.0932203389831 0.0932203389831 0.969957081545 0.930612244898 0.0932203389831 0.0932203389831 0.0932203389831 0.0932203389831 0.708133971292 0.717703349282 0.938271604938 0.966666666667 0.0932203389831 0.708133971292 0.0932203389831 0.0932203389831 0.0932203389831 0.0932203389831 0.930041152263 0.0932203389831 0.0932203389831 0.0932203389831 0.966666666667 0.708133971292 0.0932203389831 0.0932203389831 0.708133971292 0.9377593361 0.708133971292 0.966666666667 0.0932203389831 0.708133971292 0.708133971292 0.934959349593 0.954356846473 0.0932203389831 0.930041152263 0.974576271186 0.9377593361 0.934426229508 0.942148760331 0.954356846473 0.0932203389831 1.0 0.708133971292 0.94262295082 0.9377593361 0.0932203389831 0.938271604938 0.954356846473 0.9377593361 0.708133971292 0.942148760331 0.0932203389831 0.938271604938 0.708133971292 0.119402985075 0.708133971292 0.966666666667 0.717703349282 0.942148760331 0.0932203389831 0.987124463519 0.0932203389831 
0.899598393574 0.957528957529 0.943548387097 0.959677419355 0.914285714286 0.214432989691 0.214432989691 0.214432989691 0.959677419355 0.972549019608 0.914285714286 1.0 0.942084942085 1.0 0.910569105691 0.910569105691 0.984496124031 0.984496124031 0.943548387097 0.942084942085 0.957528957529 0.942084942085 0.218556701031 0.949416342412 0.914285714286 0.926829268293 0.906882591093 0.914285714286 0.218556701031 0.906882591093 0.899598393574 0.926829268293 0.953125 0.910569105691 0.942084942085 0.218556701031 0.218556701031 0.914285714286 0.959677419355 0.218556701031 0.953125 0.956862745098 0.984496124031 0.218556701031 0.964980544747 0.910569105691 0.942084942085 0.218556701031 0.923076923077 0.910569105691 0.910569105691 0.956862745098 0.218556701031 0.943548387097 0.915662650602 0.910569105691 0.949416342412 0.899598393574 0.953125 0.942084942085 0.953125 0.910569105691 0.956862745098 0.923076923077 0.956862745098 0.218556701031 0.910569105691 0.910569105691 0.942084942085 0.956862745098 0.218556701031 0.942084942085 0.953125 0.910569105691 0.949416342412 0.957528957529 0.926829268293 0.943548387097 0.910569105691 0.956862745098 0.964980544747 0.956862745098 0.923076923077 0.984496124031 0.957528957529 0.953125 0.942084942085 1.0 0.218556701031 0.96875 0.926829268293 0.953125 0.218556701031 0.930612244898 0.984496124031 0.899598393574 0.984496124031 0.923076923077 0.218556701031 0.957528957529 0.218556701031 0.218556701031 0.218556701031 0.953125 0.218556701031 0.218556701031 0.218556701031 0.9296875 0.949416342412 0.913385826772 0.906882591093 0.218556701031 0.902723735409 0.218556701031 0.666666666667 0.218556701031 0.218556701031 0.897637795276 0.218556701031 0.943548387097 0.906882591093 0.909803921569 0.666666666667 0.953125 0.894117647059 0.218556701031 0.218556701031 0.684684684685 0.666666666667 0.218556701031 0.218556701031 0.910505836576 0.218556701031 0.949416342412 0.218556701031 0.666666666667 0.218556701031 0.218556701031 0.910569105691 0.984496124031 0.218556701031 0.218556701031 0.218556701031 0.218556701031 0.702702702703 0.675675675676 0.9296875 0.901185770751 0.218556701031 0.702702702703 0.218556701031 0.218556701031 0.218556701031 0.218556701031 0.9296875 0.218556701031 0.218556701031 0.218556701031 0.901185770751 0.666666666667 0.218556701031 0.218556701031 0.684684684685 0.913385826772 0.666666666667 0.901185770751 0.218556701031 0.666666666667 0.666666666667 0.942084942085 0.897637795276 0.218556701031 0.9296875 0.899598393574 0.897637795276 0.949416342412 0.894117647059 0.897637795276 0.218556701031 0.914285714286 0.666666666667 0.887159533074 0.897637795276 0.218556701031 0.9296875 0.897637795276 0.897637795276 0.666666666667 0.894117647059 0.218556701031 0.9375 0.666666666667 0.0996441281139 0.666666666667 0.901185770751 0.675675675676 0.901960784314 0.218556701031 0.910569105691 0.218556701031 
0.952 0.984615384615 0.915662650602 0.899598393574 0.926829268293 0.139917695473 0.139917695473 0.139917695473 0.899598393574 0.9609375 0.934959349593 0.942084942085 1.0 0.942084942085 0.923076923077 0.923076923077 0.949806949807 0.949806949807 0.907630522088 0.992307692308 0.984615384615 1.0 0.0905349794239 0.953488372093 0.926829268293 0.914979757085 0.911290322581 0.926829268293 0.0905349794239 0.91935483871 0.96 0.914979757085 0.972762645914 0.931174089069 0.992307692308 0.0905349794239 0.0905349794239 0.934959349593 0.899598393574 0.0905349794239 0.95719844358 0.96875 0.957528957529 0.0905349794239 0.945736434109 0.914979757085 0.992307692308 0.0905349794239 0.903225806452 0.906882591093 0.914979757085 0.9765625 0.0905349794239 0.915662650602 0.944 0.931174089069 0.953488372093 0.952 0.964980544747 1.0 0.972762645914 0.906882591093 0.9765625 0.903225806452 0.96875 0.0905349794239 0.914979757085 0.906882591093 0.992307692308 0.9765625 0.0905349794239 1.0 0.95719844358 0.914979757085 0.961240310078 0.984615384615 0.914979757085 0.915662650602 0.914979757085 0.96875 0.945736434109 0.96875 0.903225806452 0.957528957529 0.984615384615 0.964980544747 1.0 0.942084942085 0.0905349794239 0.941634241245 0.914979757085 0.949416342412 0.0905349794239 0.918699186992 0.957528957529 0.952 0.949806949807 0.903225806452 0.0905349794239 0.984615384615 0.0905349794239 0.0905349794239 0.0905349794239 0.95719844358 0.0905349794239 0.0905349794239 0.0905349794239 0.894941634241 0.961240310078 0.886274509804 0.91935483871 0.0905349794239 0.93023255814 0.0905349794239 0.663677130045 0.0905349794239 0.0905349794239 0.917647058824 0.0905349794239 0.915662650602 0.91935483871 0.890625 0.663677130045 0.972762645914 0.90625 0.0905349794239 0.0905349794239 0.681614349776 0.663677130045 0.0905349794239 0.0905349794239 0.937984496124 0.0905349794239 0.961240310078 0.0905349794239 0.663677130045 0.0905349794239 0.0905349794239 0.914979757085 0.957528957529 0.0905349794239 0.0905349794239 0.0905349794239 0.0905349794239 0.699551569507 0.67264573991 0.902723735409 0.92125984252 0.0905349794239 0.699551569507 0.0905349794239 0.0905349794239 0.0905349794239 0.0905349794239 0.894941634241 0.0905349794239 0.0905349794239 0.0905349794239 0.92125984252 0.663677130045 0.0905349794239 0.0905349794239 0.681614349776 0.901960784314 0.663677130045 0.92125984252 0.0905349794239 0.663677130045 0.663677130045 1.0 0.917647058824 0.0905349794239 0.894941634241 0.96 0.901960784314 0.961240310078 0.90625 0.917647058824 0.0905349794239 0.934959349593 0.663677130045 0.945736434109 0.901960784314 0.0905349794239 0.902723735409 0.917647058824 0.901960784314 0.663677130045 0.90625 0.0905349794239 0.902723735409 0.663677130045 0.113475177305 0.663677130045 0.92125984252 0.67264573991 0.9140625 0.0905349794239 0.931174089069 0.0905349794239 
0.899598393574 0.957528957529 0.943548387097 0.959677419355 0.914285714286 0.214432989691 0.214432989691 0.214432989691 0.959677419355 0.972549019608 0.914285714286 1.0 0.942084942085 1.0 0.910569105691 0.910569105691 0.984496124031 0.984496124031 0.943548387097 0.942084942085 0.957528957529 0.942084942085 0.218556701031 0.949416342412 0.914285714286 0.926829268293 0.906882591093 0.914285714286 0.218556701031 0.906882591093 0.899598393574 0.926829268293 0.953125 0.910569105691 0.942084942085 0.218556701031 0.218556701031 0.914285714286 0.959677419355 0.218556701031 0.953125 0.956862745098 0.984496124031 0.218556701031 0.964980544747 0.910569105691 0.942084942085 0.218556701031 0.923076923077 0.910569105691 0.910569105691 0.956862745098 0.218556701031 0.943548387097 0.915662650602 0.910569105691 0.949416342412 0.899598393574 0.953125 0.942084942085 0.953125 0.910569105691 0.956862745098 0.923076923077 0.956862745098 0.218556701031 0.910569105691 0.910569105691 0.942084942085 0.956862745098 0.218556701031 0.942084942085 0.953125 0.910569105691 0.949416342412 0.957528957529 0.926829268293 0.943548387097 0.910569105691 0.956862745098 0.964980544747 0.956862745098 0.923076923077 0.984496124031 0.957528957529 0.953125 0.942084942085 1.0 0.218556701031 0.96875 0.926829268293 0.953125 0.218556701031 0.930612244898 0.984496124031 0.899598393574 0.984496124031 0.923076923077 0.218556701031 0.957528957529 0.218556701031 0.218556701031 0.218556701031 0.953125 0.218556701031 0.218556701031 0.218556701031 0.9296875 0.949416342412 0.913385826772 0.906882591093 0.218556701031 0.902723735409 0.218556701031 0.666666666667 0.218556701031 0.218556701031 0.897637795276 0.218556701031 0.943548387097 0.906882591093 0.909803921569 0.666666666667 0.953125 0.894117647059 0.218556701031 0.218556701031 0.684684684685 0.666666666667 0.218556701031 0.218556701031 0.910505836576 0.218556701031 0.949416342412 0.218556701031 0.666666666667 0.218556701031 0.218556701031 0.910569105691 0.984496124031 0.218556701031 0.218556701031 0.218556701031 0.218556701031 0.702702702703 0.675675675676 0.9296875 0.901185770751 0.218556701031 0.702702702703 0.218556701031 0.218556701031 0.218556701031 0.218556701031 0.9296875 0.218556701031 0.218556701031 0.218556701031 0.901185770751 0.666666666667 0.218556701031 0.218556701031 0.684684684685 0.913385826772 0.666666666667 0.901185770751 0.218556701031 0.666666666667 0.666666666667 0.942084942085 0.897637795276 0.218556701031 0.9296875 0.899598393574 0.897637795276 0.949416342412 0.894117647059 0.897637795276 0.218556701031 0.914285714286 0.666666666667 0.887159533074 0.897637795276 0.218556701031 0.9296875 0.897637795276 0.897637795276 0.666666666667 0.894117647059 0.218556701031 0.9375 0.666666666667 0.0996441281139 0.666666666667 0.901185770751 0.675675675676 0.901960784314 0.218556701031 0.910569105691 0.218556701031 
